alpha log_norm
1.7927061559778954 -2.2494142530352152
3.5889746763894372 -1.0995989750161128
1.760411961917073 -2.2153055867049485
2.226927694497609 -2.1094216848035874
3.6669142462112383 -1.0995989750161128
2.087735154216976 -2.1362829389329674
1.5487512580142928 -2.4039743675827485
1.6516434703938678 -2.350631280996836
1.9966138390246562 -2.2193053472401982
2.359451525604988 -2.022293999788543
3.312695357860182 -1.156068200303772
1.6954817010159806 -2.3115677972462545
1.744343739525387 -2.274615698098979
1.556067789084426 -2.3435116311098936
2.1777439945691763 -2.1280055224528507
1.7416617867003605 -2.263018186204379
1.8586710179886594 -2.245682041033504
1.6954817010159806 -2.263018186204379
1.5700387148494233 -2.405470403988911
1.8816204101559018 -2.2494447856133646
1.6330122174044015 -2.2898099853223925
3.819598694854608 -1.0698927898402308
1.927465972810867 -2.1866791518004085
1.9588138571025668 -2.275672475737806
1.3918235681969926 -2.467597086735827
1.8225000758698937 -2.2494447856133646
2.0260993737148096 -2.1162031886824586
1.539918828434535 -2.495028668235675
1.6847150256937558 -2.2889246505833643
1.9693453721925214 -2.108863075239329
2.5052244430537423 -1.873195551257929
2.087735154216976 -2.094650899224245
1.906390324676085 -2.220446335096556
1.789198453327935 -2.191975566980254
1.626109603734578 -2.373973905845637
1.7485893442778746 -2.3079224535877945
2.034629857168828 -2.113999562928477
1.927465972810867 -2.154483796844692
2.0012170754363794 -2.1237217426229877
1.627557639766662 -2.3293751659546316
1.789198453327935 -2.214589608829958
1.2639995738812693 -2.4631946721353835
3.710208903479276 -1.063130959076268
2.3414074412821986 -2.079527131429627
1.3858533307719432 -2.440763291433327
3.552840257738427 -1.106448327178737
1.346237497493366 -2.4804882450742873
1.784116680633623 -2.2871345278159083
1.4849005619497186 -2.354317957068658
1.434006351048331 -2.399932059646437
1.9205997787375513 -2.191975566980254
1.9216461580651352 -2.167165007019834
2.1600769631465524 -2.0324261813562696
2.070339327898772 -2.1636202629934256
1.8995001176088284 -2.2349270100019125
1.5677497772494482 -2.4563771718041125
1.9260216978876445 -2.275672475737806
1.6623863757148472 -2.422047398295093
1.6080955037065787 -2.3435116311098936
1.2277246701664672 -2.5325576515970276
2.115635959848891 -2.148697158955879
1.8355427304799505 -2.2270447628784646
1.2284522891990912 -2.563848454969169
1.1845966681145195 -2.5514233589344153
1.6330122174044015 -2.3766479957963194
2.3500537146995453 -1.9843863886896838
2.1531060797626136 -2.0679235142474672
1.7150456506043772 -2.310747451387426
1.7927061559778954 -2.22333550743591
1.906390324676085 -2.199537583329002
2.1531060797626136 -2.0567978630098955
1.775413282161228 -2.2375604065485843
1.2914830167149223 -2.6361845384475853
2.099283157369231 -2.191975566980254
1.5576067975711552 -2.467475726787219
2.3256845104349195 -2.022293999788543
1.6051563002310472 -2.3435116311098936
2.087735154216976 -2.1650243476243363
1.6512951948538683 -2.3879844852197625
1.560493518565233 -2.440763291433327
1.8355427304799505 -2.221530240756565
2.034629857168828 -2.1723363950279477
1.8772420352863644 -2.174830559877503
2.1592820725821085 -2.108863075239329
3.5866802228641355 -1.0787356720296983
1.9967154836259484 -2.1723363950279477
1.7927061559778954 -2.2349270100019125
1.3003265404765636 -2.469837906258779
2.0569635510136575 -2.1456758395754756
2.095027668849833 -2.0628373584575797
2.099283157369231 -2.0600980627372825
1.7313289893217996 -2.3766479957963194
1.6223676061780656 -2.330099799537652
2.1922405112658954 -2.0324261813562696
3.580763136572324 -1.082191621683048
1.6248734042534472 -2.3851534878230343
1.9885034202191212 -2.2193053472401982
2.219715480404539 -2.0375858215363927
1.741047661038372 -2.22333550743591
3.710208903479276 -1.0780549217638948
1.6080955037065787 -2.3930218389763516
1.6727133219268073 -2.2974911237466964
1.543331122583589 -2.4338660368424145
2.1612631331220333 -2.1276003796627165
1.434006351048331 -2.4747100872785825
2.1777439945691763 -2.0830426806905047
1.8225000758698937 -2.199537583329002
1.6847150256937558 -2.372274437329248
2.0383937519757684 -2.079527131429627
1.7007676676955277 -2.245682041033504
1.8817920861795563 -2.2149195815386813
1.5718203651854488 -2.4010189228899774
1.4103581180461415 -2.4747100872785825
1.927465972810867 -2.163285128250055
2.081187819447031 -2.1327557788668323
1.7416617867003605 -2.336904110437802
1.998055388485068 -2.1094216848035874
2.0383937519757684 -2.1199941601940377
1.6248734042534472 -2.355533328069493
1.906390324676085 -2.199537583329002
1.362832867216463 -2.495028668235675
1.7127575050142645 -2.29066279491982
1.381411479222023 -2.5155159264844755
3.652837353976519 -1.0904181576105074
1.921725971260617 -2.2375604065485843
1.6322152065666766 -2.3079224535877945
1.6727356744016415 -2.354317957068658
1.5170163960405052 -2.4400566832102966
1.9967154836259484 -2.089542545044549
3.7431151149989526 -1.0616229430438442
1.6827795031373949 -2.29334821924611
1.7734718051595642 -2.2536927629873746
2.320819112656494 -2.089542545044549
1.1984875131576485 -2.5664255254354416
3.589537362127331 -1.091890471193815
1.8551544491022212 -2.3435116311098936
3.7484270553981336 -1.0663345041231418
1.1952417126353378 -2.5582077554095926
1.8317657176059368 -2.239168264137108
1.8999681913999271 -2.274615698098979
1.6827795031373949 -2.405497662798019
1.362832867216463 -2.5028016224049923
3.849657499774874 -1.063130959076268
1.8715132258450973 -2.2855255418759874
1.86268637036048 -2.1866791518004085
2.2717302057019673 -1.943329990656963
1.8521107565032486 -2.2270447628784646
1.7723007530839365 -2.32203995608913
1.504308121106189 -2.372274437329248
3.500845659099801 -1.106448327178737
1.2840040864213356 -2.4972195297721935
2.40509275718384 -1.986547734139897
1.1102632988985524 -2.602260569094759
1.9234702500488605 -2.148697158955879
1.789198453327935 -2.1636202629934256
3.436193234934955 -1.1392158063849485
1.734781045979087 -2.355089093324337
1.9260216978876445 -2.235859008374246
2.022515559949773 -2.191975566980254
1.0165556528283872 -2.6997394257855993
2.0383937519757684 -2.0912668448778717
2.062640785821851 -2.169629495046661
1.9966138390246562 -2.1650243476243363
1.0725350214335103 -2.643192703504017
1.9216461580651352 -2.3074711469689904
1.9216461580651352 -2.214589608829958
2.0569635510136575 -2.212794631141575
1.775413282161228 -2.2938482414492225
1.8701691997574463 -2.1807643588548933
1.8684572748127808 -2.3312671860483745
1.3567186711676285 -2.5251888066528787
0.950728784246899 -2.6950615912737144
1.434006351048331 -2.4400566832102966
1.539918828434535 -2.3435116311098936
1.8225000758698937 -2.211144928450733
2.1977938496410654 -2.139294627728291
2.1290077180112554 -2.0619068678934394
1.6847150256937558 -2.3435116311098936
1.7250497029559106 -2.252202453544789
3.7172305914969295 -1.066733245604841
2.01329739809033 -2.2098923866782956
1.8816204101559018 -2.263018186204379
1.6516434703938678 -2.3079224535877945
2.1786111882274843 -2.1959270945000933
2.003362873153223 -2.1860558334062796
2.195014535343714 -2.090808345627255
1.8684572748127808 -2.2814990527485772
1.6248734042534472 -2.3356941439600285
2.0569625773274507 -2.1330718845754735
1.4920203974771333 -2.418448084652681
1.8995001176088284 -2.2494447856133646
3.6682211399192526 -1.106448327178737
0.8856622891992003 -2.7688130981959973
2.0050950805208503 -2.211144928450733
1.2300586919156853 -2.508462878870913
1.5700387148494233 -2.375507935832231
2.123674362392011 -2.1261307283894553
1.2995653635552866 -2.4814102955314823
1.4103581180461415 -2.4814102955314823
1.4103581180461415 -2.459505367581545
1.9967154836259484 -2.1276003796627165
1.4944515761061856 -2.3819775256029487
3.552322536112315 -1.106448327178737
3.7543748795474596 -1.0787356720296983
1.7313289893217996 -2.3152918131122258
1.4944515761061856 -2.469837906258779
2.117839431224812 -2.167165007019834
2.2799678368643357 -1.9878460810178238
1.9588138571025668 -2.139294627728291
3.552840257738427 -1.125339426707977
2.3414074412821986 -2.0781706950665875
1.8936193008970152 -2.160673671465041
2.2529923653090096 -2.0583331060656853
1.5576067975711552 -2.390472941019355
1.9588138571025668 -2.1826000807972177
2.1253554446727545 -2.081513093122443
2.1531060797626136 -2.1456758395754756
1.469006155461745 -2.4631946721353835
2.0012170754363794 -2.182685856759974
1.4841550209321526 -2.4448516482779192
1.8190312520008596 -2.2855255418759874
1.4451592510630875 -2.407740652659548
2.087846794342494 -2.094650899224245
1.6322152065666766 -2.3388601917060985
3.500845659099801 -1.106985511052623
2.1786111882274843 -2.022062772689007
1.741047661038372 -2.3435116311098936
1.6827795031373949 -2.3312671860483745
3.4746670832932907 -1.1256521958096692
1.9693453721925214 -2.1826000807972177
2.1253554446727545 -2.1636202629934256
3.715647642320978 -1.0780549217638948
1.7838709392591585 -2.2270447628784646
1.7497275413581832 -2.239168264137108
1.4920203974771333 -2.4404533177281715
2.1612631331220333 -2.179175403345938
1.3349415722725564 -2.51275567249235
1.906390324676085 -2.2193053472401982
1.8551544491022212 -2.1959270945000933
1.3621594415592715 -2.4901711227646435
2.27588970268553 -1.9808946311066682
1.2639995738812693 -2.492275394682651
1.8715132258450973 -2.169629495046661
2.278818774844204 -1.9878460810178238
1.8995001176088284 -2.2098923866782956
1.362832867216463 -2.5022250855336408
2.200303328156253 -2.081513093122443
1.8714002199487592 -2.2423686859203587
1.9588138571025668 -2.1162031886824586
1.7838709392591585 -2.32203995608913
3.849657499774874 -1.063130959076268
1.86268637036048 -2.154483796844692
2.095027668849833 -2.089542545044549
1.4944515761061856 -2.431339371296267
1.500714816730438 -2.4105577646499423
1.6223676061780656 -2.3589614469994844
2.1777439945691763 -2.1280055224528507
1.1845966681145195 -2.5867657736584304
1.6379601427075396 -2.2889246505833643
2.30135016742484 -2.025187027419647
1.9966138390246562 -2.1959270945000933
1.7497275413581832 -2.235859008374246
1.3129443028484986 -2.5018528929403407
1.8369478811816937 -2.191975566980254
2.1531060797626136 -2.0830426806905047
2.1448460018612487 -2.1237217426229877
2.3010120644582455 -2.090808345627255
2.1597059738613256 -2.1647716321545993
1.446226111609398 -2.519238853916371
1.7416617867003605 -2.2193053472401982
1.8772420352863644 -2.220446335096556
1.4920203974771333 -2.51275567249235
2.1011662692219977 -2.0583331060656853
1.2549295140919554 -2.563848454969169
3.4953443992478532 -1.1004500500322771
2.022515559949773 -2.117843654609062
3.392243369744141 -1.1228734202479684
2.1612631331220333 -2.0097797045859496
2.003362873153223 -2.246135592250919
1.6248734042534472 -2.407740652659548
1.8355427304799505 -2.290588629474236
1.3918235681969926 -2.440763291433327
3.5389678729368033 -1.1085971361601097
2.087735154216976 -2.1362829389329674
1.5700387148494233 -2.401707651704209
1.7464577443645255 -2.2889246505833643
3.6682211399192526 -1.0663345041231418
2.1612631331220333 -2.167165007019834
1.6248734042534472 -2.3589614469994844
1.8586710179886594 -2.2153055867049485
1.9588138571025668 -2.1646729969029512
1.1952417126353378 -2.63924814006743
1.466710487655612 -2.439422242162917
3.4900304608032595 -1.1228734202479684
1.66506332276911 -2.248424140499179
1.8355427304799505 -2.214589608829958
1.6512951948538683 -2.4428115317264867
1.6727133219268073 -2.3152918131122258
1.760411961917073 -2.198203601527587
3.3810037534558353 -1.156068200303772
1.734781045979087 -2.2889246505833643
1.9234702500488605 -2.1641432532561415
3.580763136572324 -1.106985511052623
2.278818774844204 -2.0298459880361186
1.6512951948538683 -2.422047398295093
3.3464280224191114 -1.1406945549534073
1.3084907432969244 -2.524456449729727
2.087846794342494 -2.2541872983672904
1.6487434189331203 -2.2423686859203587
1.9234702500488605 -2.1826000807972177
3.824403335273577 -1.0515858445627695
1.7416617867003605 -2.3356941439600285
2.278818774844204 -1.9542645371961547
2.022515559949773 -2.0600980627372825
1.6827795031373949 -2.399932059646437
2.0050950805208503 -2.1747135580132446
2.285222316324416 -2.002092996935999
1.9588138571025668 -2.199537583329002
1.543331122583589 -2.4404533177281715
1.9885034202191212 -2.1261307283894553
1.9216461580651352 -2.2248653987364757
1.8772420352863644 -2.3115677972462545
1.446226111609398 -2.4428115317264867
1.7927061559778954 -2.2494447856133646
1.7838709392591585 -2.3388601917060985
1.741047661038372 -2.2149195815386813
1.6322152065666766 -2.3879844852197625
1.8715132258450973 -2.214589608829958
1.9216461580651352 -2.174830559877503
2.070339327898772 -2.191975566980254
1.7127575050142645 -2.29066279491982
3.6682211399192526 -1.0904181576105074
1.8816204101559018 -2.1747135580132446
1.616512692331681 -2.3631470322892545
1.469006155461745 -2.4717824647195554
2.0114899912662993 -2.179175403345938
1.3918235681969926 -2.4773736750884705
2.3207033282189107 -2.022293999788543
2.0050950805208503 -2.2153055867049485
2.1592820725821085 -2.0679235142474672
1.9588138571025668 -2.1650243476243363
2.3159465332988898 -2.0602343997989205
1.7485893442778746 -2.330099799537652
1.8355427304799505 -2.180833407536632
2.0050950805208503 -2.1162031886824586
1.556067789084426 -2.4010189228899774
1.6727133219268073 -2.3152918131122258
1.784116680633623 -2.2149195815386813
3.322010160897481 -1.1626073208952281
3.4499801290566228 -1.1499408328834595
1.6013996109866262 -2.312424273582106
2.003362873153223 -2.187590698280272
1.906390324676085 -2.29066279491982
2.0383937519757684 -2.214589608829958
1.616512692331681 -2.3745482192001166
1.8521107565032486 -2.2541872983672904
1.998055388485068 -2.191975566980254
3.5578096841633635 -1.1072740969294763
1.7127575050142645 -2.372274437329248
1.775413282161228 -2.2193053472401982
1.7416617867003605 -2.391251800252423
1.7250497029559106 -2.3312671860483745
1.6847150256937558 -2.2536927629873746
1.9693453721925214 -2.1280055224528507
2.3703752523043096 -1.971296762134044
1.9967154836259484 -2.1641432532561415
1.6330122174044015 -2.375507935832231
1.998055388485068 -2.2423686859203587
2.1612631331220333 -2.046731576211527
2.115635959848891 -2.1647716321545993
1.6330122174044015 -2.2889246505833643
1.744343739525387 -2.373973905845637
1.998055388485068 -2.1860558334062796
1.7274272894385378 -2.348880133078292
1.9205997787375513 -2.2943310384804927
1.381411479222023 -2.421054373730926
1.927465972810867 -2.187590698280272
1.4193629553389702 -2.4747100872785825
1.3918235681969926 -2.4300235561548647
1.578814323674083 -2.459505367581545
1.504308121106189 -2.472520761922266
1.6223676061780656 -2.3152918131122258
2.095027668849833 -2.0628373584575797
1.8551544491022212 -2.1866791518004085
1.469006155461745 -2.439422242162917
3.5673785368040614 -1.0852539798342458
1.8995001176088284 -2.2494447856133646
1.5718203651854488 -2.405497662798019
2.2578014339518244 -2.090808345627255
1.9693453721925214 -2.119033174485811
3.6839791429958786 -1.094782567907022
1.7734718051595642 -2.2889246505833643
1.8999681913999271 -2.1807643588548933
2.0012170754363794 -2.0612654552174385
1.2329161774500113 -2.5699155647280145
1.6223676061780656 -2.3152918131122258
1.5000541136832253 -2.355089093324337
1.5718203651854488 -2.385752655681736
1.616512692331681 -2.355011964371762
1.569157702275826 -2.355089093324337
1.239914603868605 -2.532199666412257
1.1391295559892878 -2.6393753673126694
1.9640488477132845 -2.2423686859203587
1.8355427304799505 -2.2494447856133646
1.500714816730438 -2.3779978960344836
1.7250497029559106 -2.2814990527485772
1.4841550209321526 -2.350631280996836
1.3951409924852205 -2.502433839746206
1.6954817010159806 -2.2814990527485772
1.466710487655612 -2.387742531457766
1.578814323674083 -2.4404533177281715
1.6516434703938678 -2.3930218389763516
2.1977938496410654 -2.1280055224528507
3.715647642320978 -1.0698927898402308
1.3686076257187674 -2.5356296466734607
1.7464577443645255 -2.2814990527485772
1.556067789084426 -2.350631280996836
1.346237497493366 -2.503596532375365
2.099283157369231 -2.1055584062816006
2.1253554446727545 -2.059314490388224
1.251922808499239 -2.5731248688025667
1.8551544491022212 -2.221530240756565
1.7734718051595642 -2.275672475737806
1.66506332276911 -2.336904110437802
1.5280502781001757 -2.422799338540404
1.744343739525387 -2.3312671860483745
1.921725971260617 -2.179175403345938
1.7250497029559106 -2.263018186204379
1.2363247514363735 -2.578004265998244
2.0383937519757684 -2.1650243476243363
1.8355427304799505 -2.2814990527485772
2.0569625773274507 -2.152015850642587
3.4953443992478532 -1.1361969417147657
1.3443447783304048 -2.5633781091920262
1.3269331459371005 -2.5794324130493966
1.352056997187089 -2.467475726787219
1.8684572748127808 -2.212794631141575
2.01329739809033 -2.1959270945000933
1.3129443028484986 -2.4717824647195554
1.8772420352863644 -2.252202453544789
1.1340865158617945 -2.5594466714419712
1.921725971260617 -2.221530240756565
1.8999681913999271 -2.275672475737806
1.578814323674083 -2.422047398295093
2.087735154216976 -2.180833407536632
2.195014535343714 -2.1327557788668323
1.504308121106189 -2.3879844852197625
1.851623025360318 -2.2814990527485772
1.6080955037065787 -2.3589614469994844
1.4944515761061856 -2.4943145405243285
1.230793553223377 -2.5356296466734607
2.099283157369231 -2.148697158955879
1.560493518565233 -2.376055335404348
2.1253554446727545 -2.0628373584575797
1.9234702500488605 -2.169629495046661
2.320819112656494 -2.052545899296612
1.760411961917073 -2.3079224535877945
2.1535737578893457 -2.0567978630098955
2.117839431224812 -2.0781706950665875
1.1491176953770563 -2.5633781091920262
1.9205997787375513 -2.1456758395754756
2.3318592387085584 -2.0186852235180344
1.741047661038372 -2.239168264137108
1.560493518565233 -2.354317957068658
1.6013996109866262 -2.3356941439600285
1.5594360789177153 -2.422799338540404
1.734781045979087 -2.330099799537652
2.1597059738613256 -2.179175403345938
2.48785017726022 -1.9229433761428683
1.8190312520008596 -2.1723363950279477
1.927465972810867 -2.22333550743591
2.1600769631465524 -2.1327557788668323
1.6827795031373949 -2.391251800252423
2.468823258205231 -1.9358919542517388
1.569157702275826 -2.440763291433327
2.087846794342494 -2.139294627728291
2.095027668849833 -2.1843509265418852
1.9967154836259484 -2.1747135580132446
1.8772420352863644 -2.199537583329002
1.6516434703938678 -2.4404533177281715
1.8715132258450973 -2.239083923618856
1.556067789084426 -2.421054373730926
1.8105436081578155 -2.3079224535877945
2.1592820725821085 -2.022062772689007
1.8936193008970152 -2.179175403345938
1.8105436081578155 -2.212794631141575
1.5677497772494482 -2.4010189228899774
1.124807671816379 -2.563848454969169
3.5866802228641355 -1.0904181576105074
1.9216461580651352 -2.1261307283894553
1.556067789084426 -2.4814102955314823
1.741047661038372 -2.246135592250919
1.4451592510630875 -2.376055335404348
2.1296677306466365 -2.059314490388224
2.087735154216976 -2.1276003796627165
3.7249141231622707 -1.0904181576105074
1.7274272894385378 -2.355011964371762
2.3927850883731026 -1.9554959909916017
1.6954817010159806 -2.422799338540404
1.734781045979087 -2.387742531457766
3.5578096841633635 -1.1085971361601097
2.0114899912662993 -2.199537583329002
1.744343739525387 -2.1973540662521476
1.239914603868605 -2.6132960946606243
1.9588138571025668 -2.152015850642587
1.4198987199450324 -2.4428115317264867
1.6248734042534472 -2.411724504784816
1.569157702275826 -2.467597086735827
2.501358516314612 -1.986547734139897
2.01329739809033 -2.1991744463813845
1.5504879600924402 -2.3623517718006006
2.0569635510136575 -2.089542545044549
1.5594360789177153 -2.350631280996836
1.6039431209638408 -2.330099799537652
2.0050950805208503 -2.2248653987364757
1.334969337924482 -2.4892570601573043
1.5504879600924402 -2.4072421659274634
2.226927694497609 -2.090808345627255
3.8124729614982886 -1.0851919076460899
2.287335062456549 -2.0397901439290775
1.2363247514363735 -2.5641558303631182
3.64862827098002 -1.0852539798342458
1.7774559512438581 -2.3132484436251755
1.921725971260617 -2.1456758395754756
2.1786111882274843 -2.1199941601940377
1.5718203651854488 -2.4308463916424
3.733444013257738 -1.0780549217638948
2.226927694497609 -2.0409007550372174
1.1832247636025355 -2.5514233589344153
2.1600769631465524 -2.0912668448778717
3.5403929070060842 -1.0911001886490366
1.7416617867003605 -2.252202453544789
1.4849005619497186 -2.495028668235675
1.8995001176088284 -2.252202453544789
1.2995653635552866 -2.5208045703044357
2.240219434395746 -1.9569117356902619
1.2639995738812693 -2.5502489211074097
2.2529923653090096 -2.076630572355464
1.9377688060552951 -2.1199941601940377
1.8701691997574463 -2.1860558334062796
2.003362873153223 -2.2149195815386813
1.921725971260617 -2.1276003796627165
1.7007676676955277 -2.373973905845637
1.381411479222023 -2.5155159264844755
1.5576067975711552 -2.4013351667226477
2.2578014339518244 -2.0781706950665875
3.710208903479276 -1.0851919076460899
1.2021527349919436 -2.5758231368238693
2.4398861654665205 -2.0375858215363927
1.9205997787375513 -2.191975566980254
1.8190312520008596 -2.3435116311098936
1.8586710179886594 -2.1723363950279477
1.8355427304799505 -2.248424140499179
1.5000541136832253 -2.394285726181531
1.744343739525387 -2.235859008374246
2.288857748065756 -2.0965269476409674
1.1775255938775513 -2.60342738452877
2.1777439945691763 -2.059314490388224
2.0114899912662993 -2.1297675808063046
1.9205997787375513 -2.1650243476243363
2.0457631939691847 -2.1702726393132674
1.569157702275826 -2.4039743675827485
1.794240986676607 -2.2871345278159083
1.7734718051595642 -2.350631280996836
1.9260216978876445 -2.198203601527587
3.6666776727738903 -1.0911001886490366
2.1290077180112554 -2.1067305087887833
3.7543748795474596 -1.0499055241170372
2.014909380281318 -2.1973540662521476
3.6666776727738903 -1.0698927898402308
1.6727356744016415 -2.3589614469994844
1.6727356744016415 -2.385752655681736
2.3342779580639075 -2.0737491175114138
1.6223676061780656 -2.3766479957963194
2.095027668849833 -2.1161546134393916
1.8936193008970152 -2.1826000807972177
2.0569625773274507 -2.1055584062816006
1.3349415722725564 -2.512920372316445
1.9234702500488605 -2.212794631141575
3.7484270553981336 -1.0672772038123481
1.446226111609398 -2.391251800252423
1.9260216978876445 -2.2153055867049485
2.0260993737148096 -2.1067305087887833
2.505695024976265 -1.9229433761428683
2.115635959848891 -2.1199941601940377
2.1011662692219977 -2.1161546134393916
1.5504879600924402 -2.396519851248369
1.4849005619497186 -2.512920372316445
1.760411961917073 -2.330099799537652
1.9967154836259484 -2.1807643588548933
1.760411961917073 -2.3356941439600285
2.070339327898772 -2.1807643588548933
1.7734718051595642 -2.3388601917060985
1.3918235681969926 -2.5022250855336408
2.3010120644582455 -2.1161546134393916
1.6512951948538683 -2.422047398295093
1.906390324676085 -2.163285128250055
1.7734718051595642 -2.2889246505833643
1.2300586919156853 -2.546128478434345
1.8772420352863644 -2.22333550743591
2.209554600671589 -2.0679235142474672
1.0725350214335103 -2.5699155647280145
1.3094318173300954 -2.4962288947511677
1.8817920861795563 -2.2814990527485772
1.8586710179886594 -2.179175403345938
1.760411961917073 -2.231449725120802
2.022515559949773 -2.1327557788668323
1.86268637036048 -2.274615698098979
2.16051152962374 -2.167165007019834
2.1977938496410654 -2.0605018201311456
2.278818774844204 -2.1199941601940377
1.5576067975711552 -2.4105577646499423
1.616512692331681 -2.376055335404348
1.434006351048331 -2.431339371296267
2.27588970268553 -2.1055584062816006
3.728991841249252 -1.0637792999081346
1.9377688060552951 -2.1650243476243363
1.9640488477132845 -2.1055584062816006
1.6487434189331203 -2.3623517718006006
2.070339327898772 -2.1702726393132674
2.0260993737148096 -2.160673671465041
2.1296677306466365 -2.169629495046661
2.248138653122536 -2.0583331060656853
1.626109603734578 -2.418448084652681
1.9216461580651352 -2.2541872983672904
2.099283157369231 -2.1698587537800704
1.8816204101559018 -2.231449725120802
1.9588138571025668 -2.1647716321545993
2.123674362392011 -2.094650899224245
1.5700387148494233 -2.399932059646437
1.7274272894385378 -2.3074711469689904
1.1831120537469293 -2.554766119826047
2.2474590154021037 -2.0602343997989205
1.5280502781001757 -2.4750384651966337
1.7838709392591585 -2.3808355247762996
1.5794144271655288 -2.3303290520740654
1.560493518565233 -2.439422242162917
3.597986702944252 -1.0787356720296983
1.794240986676607 -2.2814990527485772
1.560493518565233 -2.372274437329248
1.927465972810867 -2.1261307283894553
1.7150456506043772 -2.2536927629873746
2.1535737578893457 -2.1094216848035874
2.1290077180112554 -2.0912668448778717
2.1597059738613256 -2.0583331060656853
1.6512951948538683 -2.2889246505833643
2.0012170754363794 -2.2541872983672904
1.5280502781001757 -2.4626204353222616
2.0050950805208503 -2.1362829389329674
1.578814323674083 -2.2974911237466964
1.8197480629609788 -2.3074711469689904
1.543331122583589 -2.3819775256029487
1.8714002199487592 -2.274615698098979
1.2624768383451501 -2.492275394682651
3.728991841249252 -1.0852539798342458
1.7274272894385378 -2.3115677972462545
2.0260993737148096 -2.157418692193963
2.0114899912662993 -2.079527131429627
1.7927061559778954 -2.2974911237466964
1.6487434189331203 -2.336904110437802
1.9640488477132845 -2.199537583329002
1.734781045979087 -2.3293751659546316
1.6039431209638408 -2.399932059646437
1.8817920861795563 -2.191975566980254
1.851623025360318 -2.263018186204379
1.7020061981329093 -2.2541872983672904
3.190558541510958 -1.225329307862316
2.2303297982003247 -2.090808345627255
1.7464577443645255 -2.3152918131122258
2.1600769631465524 -2.081513093122443
2.209554600671589 -2.0912668448778717
1.4198987199450324 -2.4105577646499423
3.4616883566271395 -1.1183785269411928
1.7250497029559106 -2.418448084652681
1.469006155461745 -2.5155159264844755
1.7313289893217996 -2.375507935832231
2.219715480404539 -2.113999562928477
1.6051563002310472 -2.4072421659274634
1.7313289893217996 -2.3779978960344836
2.0569625773274507 -2.1456758395754756
1.6623863757148472 -2.3079224535877945
2.0569635510136575 -2.182535453229302
1.439315362864015 -2.51275567249235
2.2681020204774764 -2.025187027419647
1.381411479222023 -2.467597086735827
1.5718203651854488 -2.4660723351117424
1.6727133219268073 -2.4010189228899774
1.1491176953770563 -2.6250239386732988
2.014909380281318 -2.1807643588548933
2.081187819447031 -2.139294627728291
3.552322536112315 -1.0799554217419356
1.6847150256937558 -2.236290289645711
1.569157702275826 -2.4300235561548647
1.921725971260617 -2.2193053472401982
1.5487512580142928 -2.3631470322892545
1.7127575050142645 -2.290092638356003
1.9234702500488605 -2.263018186204379
1.1075238000006458 -2.615796816292851
2.099283157369231 -2.179175403345938
1.86268637036048 -2.174830559877503
1.008020118877093 -2.73091657845787
2.0050950805208503 -2.167165007019834
1.543331122583589 -2.489740190758545
1.6945754088220149 -2.2536927629873746
1.1845966681145195 -2.604133303769146
1.906390324676085 -2.2871345278159083
2.081187819447031 -2.059314490388224
1.4841550209321526 -2.4962288947511677
2.0569635510136575 -2.1162031886824586
1.9260216978876445 -2.117843654609062
1.569157702275826 -2.3766479957963194
1.616512692331681 -2.4072421659274634
1.626109603734578 -2.3808355247762996
1.3686076257187674 -2.519238853916371
3.47959846717073 -1.1085971361601097
1.8197480629609788 -2.2536927629873746
1.334969337924482 -2.5356296466734607
2.287335062456549 -2.089542545044549
1.9260216978876445 -2.235859008374246
1.5718203651854488 -2.3435116311098936
1.5829668235283063 -2.3808355247762996
1.5794144271655288 -2.3879844852197625
1.4944515761061856 -2.372274437329248
2.115635959848891 -2.167165007019834
2.1531060797626136 -2.169629495046661
1.8369478811816937 -2.2494447856133646
1.784116680633623 -2.348880133078292
3.4746670832932907 -1.125339426707977
1.9885034202191212 -2.1636202629934256
2.196866703709418 -2.163285128250055
2.0569635510136575 -2.1055584062816006
1.626109603734578 -2.3851534878230343
2.0260993737148096 -2.1297675808063046
1.906390324676085 -2.163285128250055
1.2869597144968736 -2.512920372316445
1.921725971260617 -2.182535453229302
1.6512951948538683 -2.4013351667226477
1.5487512580142928 -2.336904110437802
2.003362873153223 -2.1237217426229877
1.578814323674083 -2.4010189228899774
1.7774559512438581 -2.387742531457766
3.329050703231317 -1.1517775574567697
2.1922405112658954 -2.026801199264078
1.9885034202191212 -2.1646729969029512
1.6330122174044015 -2.2974911237466964
2.0383937519757684 -2.191975566980254
1.6727356744016415 -2.4428115317264867
1.2995653635552866 -2.532199666412257
1.6487434189331203 -2.4105577646499423
1.3567186711676285 -2.5582077554095926
1.469006155461745 -2.489740190758545
1.4173195530534062 -2.5028016224049923
1.560493518565233 -2.312424273582106
1.469006155461745 -2.4013351667226477
1.775413282161228 -2.212794631141575
2.27588970268553 -2.046731576211527
1.3858533307719432 -2.5022250855336408
1.5594360789177153 -2.3435116311098936
1.556067789084426 -2.3312671860483745
1.6945754088220149 -2.418448084652681
2.087735154216976 -2.1973540662521476
1.3858533307719432 -2.467475726787219
2.248138653122536 -2.022293999788543
2.1777439945691763 -2.1702726393132674
3.851055269992406 -1.0672772038123481
2.1597059738613256 -2.1162031886824586
2.01329739809033 -2.119033174485811
2.108064498261558 -2.1261307283894553
1.760411961917073 -2.2536927629873746
1.6039431209638408 -2.3918965726390624
1.543331122583589 -2.3623517718006006
1.927465972810867 -2.167165007019834
2.034629857168828 -2.1866791518004085
1.469006155461745 -2.3918965726390624
1.4849005619497186 -2.4300235561548647
2.195014535343714 -2.119033174485811
1.8551544491022212 -2.3152918131122258
2.294580081246653 -2.0324261813562696
1.439315362864015 -2.472520761922266
1.4841550209321526 -2.4428115317264867
2.320819112656494 -2.011189490551968
1.3621594415592715 -2.486773953516334
1.4103581180461415 -2.3779978960344836
1.6330122174044015 -2.401707651704209
1.446226111609398 -2.469837906258779
1.5794144271655288 -2.4072421659274634
2.285222316324416 -1.986547734139897
1.8995001176088284 -2.2855255418759874
2.2987168426025084 -1.9878460810178238
1.8772420352863644 -2.174830559877503
1.8936193008970152 -2.290588629474236
1.7838709392591585 -2.2855255418759874
2.1922405112658954 -1.9982967203643975
1.8684572748127808 -2.2248653987364757
2.087846794342494 -2.076630572355464
1.627557639766662 -2.421054373730926
3.584662289156421 -1.1072740969294763
2.0383937519757684 -2.182685856759974
1.760411961917073 -2.2541872983672904
1.578814323674083 -2.385752655681736
1.7485893442778746 -2.355533328069493
1.7927061559778954 -2.2494142530352152
1.66506332276911 -2.3808355247762996
1.0385803975510464 -2.566366310456048
1.4407883629245455 -2.4901711227646435
2.1307119603079707 -2.0567978630098955
1.4407883629245455 -2.5336566917670242
2.0012170754363794 -2.1327557788668323
2.16051152962374 -2.1199941601940377
2.081187819447031 -2.199537583329002
1.3621594415592715 -2.495028668235675
1.927465972810867 -2.2871345278159083
1.8772420352863644 -2.148697158955879
2.1597059738613256 -2.0125661542288755
3.714938519569202 -1.0787356720296983
1.439315362864015 -2.4300235561548647
2.099283157369231 -2.1826000807972177
1.9966138390246562 -2.2375604065485843
1.9693453721925214 -2.2423686859203587
1.5718203651854488 -2.3312671860483745
2.1307119603079707 -2.1456758395754756
1.8715132258450973 -2.221530240756565
1.543331122583589 -2.4717824647195554
2.087735154216976 -2.1162031886824586
1.8586710179886594 -2.2248653987364757
1.66506332276911 -2.3631470322892545
2.123674362392011 -2.0567978630098955
1.7127575050142645 -2.245682041033504
1.334969337924482 -2.486773953516334
1.9234702500488605 -2.22333550743591
1.794240986676607 -2.235859008374246
1.4198987199450324 -2.422799338540404
1.381411479222023 -2.409324139112675
1.434006351048331 -2.422799338540404
3.5650693683854335 -1.091890471193815
1.616512692331681 -2.2974911237466964
1.446226111609398 -2.407740652659548
1.734781045979087 -2.3631470322892545
3.637163867268575 -1.105540294577613
1.3094318173300954 -2.51275567249235
1.7497275413581832 -2.310747451387426
1.578814323674083 -2.3879844852197625
2.140657661262847 -2.1161546134393916
1.5280502781001757 -2.355011964371762
3.5475276724256117 -1.1051881045199414
1.7127575050142645 -2.3589614469994844
2.108064498261558 -2.1094216848035874
2.391996609796299 -2.0298459880361186
1.4451592510630875 -2.5208045703044357
1.8190312520008596 -2.2375604065485843
2.195014535343714 -2.0324261813562696
1.8772420352863644 -2.246135592250919
1.789198453327935 -2.32203995608913
2.312233363859457 -2.089542545044549
1.7485893442778746 -2.394285726181531
2.2799678368643357 -1.9878460810178238
2.0260993737148096 -2.199537583329002
1.9967154836259484 -2.1807643588548933
1.741047661038372 -2.290092638356003
1.5243435046905802 -2.472520761922266
1.8317657176059368 -2.2423686859203587
2.1011662692219977 -2.1860558334062796
1.6945754088220149 -2.3819775256029487
1.5487512580142928 -2.4300235561548647
1.6322152065666766 -2.422047398295093
2.200303328156253 -2.081513093122443
1.7150456506043772 -2.2855255418759874
1.9205997787375513 -2.245682041033504
1.3686076257187674 -2.4972195297721935
1.8816204101559018 -2.1199941601940377
1.8715132258450973 -2.1723363950279477
1.7313289893217996 -2.2943310384804927
1.7723007530839365 -2.29066279491982
2.099283157369231 -2.163285128250055
1.3918235681969926 -2.4901711227646435
1.7927061559778954 -2.290588629474236
1.6051563002310472 -2.4660723351117424
1.5487512580142928 -2.394285726181531
2.226927694497609 -2.0619068678934394
1.8521107565032486 -2.2153055867049485
1.6248734042534472 -2.391251800252423
1.3443447783304048 -2.51275567249235
2.123674362392011 -2.094650899224245
1.9377688060552951 -2.1641432532561415
1.7150456506043772 -2.2541872983672904
1.9265414634347728 -2.246135592250919
1.4944515761061856 -2.3851534878230343
2.2717302057019673 -2.0830426806905047
1.9966138390246562 -2.1199941601940377
2.108064498261558 -2.0605018201311456
2.123674362392011 -2.119033174485811
2.1592820725821085 -2.0824970852895053
2.034629857168828 -2.191975566980254
1.8701691997574463 -2.2349270100019125
1.2284522891990912 -2.607993064842768
1.7150456506043772 -2.310747451387426
1.784116680633623 -2.355533328069493
1.556067789084426 -2.405497662798019
1.9885034202191212 -2.154483796844692
1.6512951948538683 -2.3074711469689904
2.1600769631465524 -2.1297675808063046
2.1977938496410654 -2.0781706950665875
1.3269331459371005 -2.557281998018438
2.099283157369231 -2.1199941601940377
1.578814323674083 -2.422799338540404
1.8355427304799505 -2.2871345278159083
1.439315362864015 -2.418448084652681
3.3668887567839745 -1.141531926126173
2.209554600671589 -1.9708907986182282
1.7274272894385378 -2.29066279491982
1.3129443028484986 -2.578004265998244
1.434006351048331 -2.495028668235675
1.1952417126353378 -2.5831093963866962
1.4841550209321526 -2.4013351667226477
1.8521107565032486 -2.2375604065485843
2.0114899912662993 -2.1261307283894553
3.745522428661603 -1.0780549217638948
2.3010120644582455 -2.0600980627372825
1.9265414634347728 -2.2423686859203587
1.439315362864015 -2.3918965726390624
1.744343739525387 -2.239168264137108
2.087846794342494 -2.1698587537800704
1.9265414634347728 -2.1973540662521476
1.794240986676607 -2.2098923866782956
1.6330122174044015 -2.385752655681736
1.8551544491022212 -2.214589608829958
1.8225000758698937 -2.2814990527485772
2.087846794342494 -2.0830426806905047
1.5576067975711552 -2.422799338540404
2.3256845104349195 -2.059314490388224
1.8715132258450973 -2.275672475737806
1.921725971260617 -2.1959270945000933
1.469006155461745 -2.4338660368424145
2.391715631026363 -2.046731576211527
1.775413282161228 -2.372274437329248
3.824403335273577 -1.0612911646246437
3.4499801290566228 -1.125339426707977
1.9265414634347728 -2.2153055867049485
1.6487434189331203 -2.2871345278159083
1.927465972810867 -2.220446335096556
2.1597059738613256 -2.059314490388224
3.710208903479276 -1.0663345041231418
1.7734718051595642 -2.3819775256029487
1.504308121106189 -2.411724504784816
1.7774559512438581 -2.290588629474236
1.6516434703938678 -2.3356941439600285
1.8190312520008596 -2.3132484436251755
1.9885034202191212 -2.1162031886824586
1.8105436081578155 -2.3293751659546316
1.8551544491022212 -2.198203601527587
1.6080955037065787 -2.3851534878230343
3.500845659099801 -1.1212582872299381
1.334969337924482 -2.4464831824990863
2.140657661262847 -2.1330718845754735
3.584662289156421 -1.1071091725399882
1.6322152065666766 -2.399932059646437
1.8586710179886594 -2.290092638356003
3.5066107045830877 -1.106985511052623
1.8817920861795563 -2.1747135580132446
2.095027668849833 -2.022062772689007
2.0569635510136575 -2.148697158955879
1.8521107565032486 -2.1973540662521476
1.3269331459371005 -2.4901711227646435
1.8715132258450973 -2.231449725120802
2.3010120644582455 -1.9568472843606726
1.3095744943733303 -2.4631946721353835
1.9260216978876445 -2.1807643588548933
1.543331122583589 -2.486773953516334
2.0383937519757684 -2.2193053472401982
1.4849005619497186 -2.3819775256029487
2.1448460018612487 -2.0781706950665875
3.3810037534558353 -1.1500613227866237
1.9205997787375513 -2.248424140499179
2.219715480404539 -2.108863075239329
2.1535737578893457 -2.139294627728291
1.500714816730438 -2.422047398295093
1.439315362864015 -2.4972195297721935
2.003362873153223 -2.1647716321545993
1.4841550209321526 -2.422047398295093
1.8772420352863644 -2.1973540662521476
1.6330122174044015 -2.3152918131122258
1.6013996109866262 -2.3388601917060985
2.3810155906757284 -2.0298459880361186
1.4326263417330294 -2.503596532375365
1.8772420352863644 -2.1860558334062796
2.16051152962374 -2.002092996935999
1.7007676676955277 -2.3152918131122258
1.9640488477132845 -2.2098923866782956
1.446226111609398 -2.508462878870913
1.9588138571025668 -2.239168264137108
2.1290077180112554 -2.011189490551968
2.3318592387085584 -2.026801199264078
2.3207033282189107 -2.081513093122443
2.263759642020347 -1.9708907986182282
1.539918828434535 -2.375507935832231
1.4198987199450324 -2.391251800252423
1.6487434189331203 -2.4338660368424145
1.6322152065666766 -2.4105577646499423
1.5280502781001757 -2.3930218389763516
1.5700387148494233 -2.394285726181531
