Energy Unpiled Piled
0.3199999928474426 359 274
0.33000001311302185 341 254
0.3400000035762787 350 258
0.3499999940395355 311 232
0.36000001430511475 282 249
0.3700000047683716 266 227
0.3799999952316284 237 227
0.38999998569488525 237 241
0.4000000059604645 218 227
0.4099999964237213 185 190
0.41999998688697815 178 202
0.4300000071525574 166 202
0.4399999976158142 179 183
0.44999998807907104 141 175
0.46000000834465027 135 172
0.4699999988079071 117 172
0.47999998927116394 120 199
0.49000000953674316 114 175
0.5 109 167
0.5099999904632568 107 159
0.5199999809265137 109 167
0.5299999713897705 98 159
0.5400000214576721 81 148
0.550000011920929 88 157
0.5600000023841858 77 133
0.5699999928474426 61 118
0.5799999833106995 64 134
0.5899999737739563 71 114
0.6000000238418579 69 143
0.6100000143051147 69 118
0.6200000047683716 55 110
0.6299999952316284 67 126
0.6399999856948853 64 133
0.6499999761581421 48 112
0.6600000262260437 56 120
0.6700000166893005 56 124
0.6800000071525574 45 90
0.6899999976158142 62 121
0.699999988079071 49 90
0.7099999785423279 33 79
0.7200000286102295 46 72
0.7300000190734863 37 95
0.7400000095367432 40 85
0.75 45 81
0.7599999904632568 30 85
0.7699999809265137 46 95
0.7799999713897705 34 85
0.7900000214576721 32 77
0.800000011920929 29 71
0.8100000023841858 28 84
0.8199999928474426 26 79
0.8299999833106995 32 72
0.8399999737739563 22 63
0.8500000238418579 28 58
0.8600000143051147 30 72
0.8700000047683716 23 55
0.8799999952316284 20 66
0.8899999856948853 26 60
0.8999999761581421 30 63
0.9100000262260437 17 53
0.9200000166893005 24 49
0.9300000071525574 23 56
0.9399999976158142 20 65
0.949999988079071 14 40
0.9599999785423279 16 46
0.9700000286102295 13 55
0.9800000190734863 21 58
0.9900000095367432 14 51
1.0 12 39
1.0099999904632568 18 48
1.0199999809265137 10 44
1.0299999713897705 15 48
1.0399999618530273 16 45
1.0499999523162842 13 33
1.059999942779541 16 37
1.0700000524520874 7 39
1.0800000429153442 10 34
1.090000033378601 10 44
1.100000023841858 13 51
1.1100000143051147 18 41
1.1200000047683716 8 36
1.1299999952316284 10 35
1.1399999856948853 9 31
1.149999976158142 7 35
1.159999966621399 13 33
1.1699999570846558 12 36
1.1799999475479126 15 26
1.190000057220459 9 18
1.2000000476837158 7 33
1.2100000381469727 16 25
1.2200000286102295 12 23
1.2300000190734863 13 29
1.2400000095367432 9 20
1.25 7 29
1.2599999904632568 9 24
1.2699999809265137 12 22
1.2799999713897705 9 24
1.2899999618530273 7 19
1.2999999523162842 8 20
1.309999942779541 7 24
1.3200000524520874 10 28
1.3300000429153442 6 26
1.340000033378601 7 22
1.350000023841858 5 21
1.3600000143051147 10 24
1.3700000047683716 8 16
1.3799999952316284 4 29
1.3899999856948853 12 19
1.399999976158142 6 17
1.409999966621399 11 20
1.4199999570846558 7 20
1.4299999475479126 8 16
1.440000057220459 10 10
1.4500000476837158 5 16
1.4600000381469727 7 9
1.4700000286102295 8 17
1.4800000190734863 5 16
1.4900000095367432 3 8
1.5 6 11
1.5099999904632568 6 18
1.5199999809265137 4 13
1.5299999713897705 9 15
1.5399999618530273 3 19
1.5499999523162842 4 11
1.559999942779541 3 18
1.5700000524520874 2 8
1.5800000429153442 2 12
1.590000033378601 3 21
1.600000023841858 4 13
1.6100000143051147 6 16
1.6200000047683716 7 18
1.6299999952316284 4 12
1.6399999856948853 7 12
1.649999976158142 4 16
1.659999966621399 5 11
1.6699999570846558 5 14
1.6799999475479126 3 8
1.690000057220459 5 4
1.7000000476837158 3 13
1.7100000381469727 4 11
1.7200000286102295 1 11
1.7300000190734863 2 8
1.7400000095367432 5 7
1.75 4 6
1.7599999904632568 3 12
1.7699999809265137 3 6
1.7799999713897705 3 8
1.7899999618530273 5 10
1.7999999523162842 6 11
1.809999942779541 4 11
1.8200000524520874 2 5
1.8300000429153442 5 5
1.840000033378601 1 7
1.850000023841858 5 12
1.8600000143051147 3 10
1.8700000047683716 4 8
1.8799999952316284 3 5
1.8899999856948853 4 4
1.899999976158142 5 7
1.909999966621399 2 3
1.9199999570846558 2 9
1.9299999475479126 3 4
1.940000057220459 1 5
1.9500000476837158 8 15
1.9600000381469727 4 4
1.9700000286102295 4 6
1.9800000190734863 3 6
1.9900000095367432 2 5
2.0 1 6
2.009999990463257 2 7
2.0199999809265137 1 5
2.0299999713897705 3 8
2.0399999618530273 3 1
2.049999952316284 0 4
2.059999942779541 4 6
2.069999933242798 2 5
2.0799999237060547 4 2
2.0899999141693115 6 9
2.0999999046325684 1 5
2.109999895095825 2 2
2.119999885559082 3 8
2.130000114440918 1 2
2.140000104904175 3 5
2.1500000953674316 4 7
2.1600000858306885 7 3
2.1700000762939453 2 5
2.180000066757202 2 6
2.190000057220459 1 4
2.200000047683716 1 1
2.2100000381469727 1 1
2.2200000286102295 1 6
2.2300000190734863 3 6
2.240000009536743 1 6
2.25 6 6
2.259999990463257 1 5
2.2699999809265137 5 4
2.2799999713897705 1 0
2.2899999618530273 1 2
2.299999952316284 3 4
2.309999942779541 3 7
2.319999933242798 2 5
2.3299999237060547 4 2
2.3399999141693115 2 4
2.3499999046325684 3 3
2.359999895095825 1 3
2.369999885559082 2 2
2.380000114440918 2 6
2.390000104904175 0 4
2.4000000953674316 3 4
2.4100000858306885 0 2
2.4200000762939453 2 2
2.430000066757202 0 0
2.440000057220459 1 1
2.450000047683716 1 7
2.4600000381469727 1 0
2.4700000286102295 1 7
2.4800000190734863 2 1
2.490000009536743 3 1
2.5 3 5
2.509999990463257 1 0
2.5199999809265137 1 5
2.5299999713897705 2 1
2.5399999618530273 4 3
2.549999952316284 1 2
2.559999942779541 1 5
2.569999933242798 2 3
2.5799999237060547 1 6
2.5899999141693115 2 2
2.5999999046325684 3 5
2.609999895095825 2 2
2.619999885559082 0 1
2.630000114440918 0 2
2.640000104904175 1 2
2.6500000953674316 1 4
2.6600000858306885 1 2
2.6700000762939453 2 3
2.680000066757202 2 3
2.690000057220459 2 6
2.700000047683716 3 3
2.7100000381469727 1 0
2.7200000286102295 2 3
2.7300000190734863 2 1
2.740000009536743 3 2
2.75 1 3
2.759999990463257 2 3
2.7699999809265137 1 3
2.7799999713897705 0 2
2.7899999618530273 1 3
2.799999952316284 0 1
2.809999942779541 0 1
2.819999933242798 0 1
2.8299999237060547 3 1
2.8399999141693115 1 0
2.8499999046325684 1 3
2.859999895095825 0 4
2.869999885559082 1 3
2.880000114440918 0 0
2.890000104904175 0 2
2.9000000953674316 0 1
2.9100000858306885 0 1
2.9200000762939453 1 3
2.930000066757202 1 1
2.940000057220459 1 2
2.950000047683716 1 2
2.9600000381469727 2 3
2.9700000286102295 0 0
2.9800000190734863 2 0
2.990000009536743 1 0
3.0 1 3
3.009999990463257 0 1
3.0199999809265137 0 2
3.0299999713897705 1 0
3.0399999618530273 4 3
3.049999952316284 1 1
3.059999942779541 1 2
3.069999933242798 1 3
3.0799999237060547 0 2
3.0899999141693115 0 0
3.0999999046325684 0 3
3.109999895095825 0 1
3.119999885559082 2 0
3.130000114440918 0 1
3.140000104904175 2 1
3.1500000953674316 1 1
3.1600000858306885 1 1
3.1700000762939453 1 3
3.180000066757202 0 1
3.190000057220459 3 4
3.200000047683716 0 0
3.2100000381469727 0 1
3.2200000286102295 0 0
3.2300000190734863 0 0
3.240000009536743 3 4
3.25 1 1
3.259999990463257 1 1
3.2699999809265137 2 2
3.2799999713897705 1 1
3.2899999618530273 0 0
3.299999952316284 0 0
3.309999942779541 0 0
3.319999933242798 0 1
3.3299999237060547 1 1
3.3399999141693115 0 1
3.3499999046325684 0 2
3.359999895095825 0 0
3.369999885559082 0 2
3.380000114440918 2 3
3.390000104904175 0 1
3.4000000953674316 0 0
3.4100000858306885 0 1
3.4200000762939453 0 0
3.430000066757202 2 1
3.440000057220459 0 1
3.450000047683716 0 0
3.4600000381469727 0 0
3.4700000286102295 0 1
3.4800000190734863 0 0
3.490000009536743 1 1
3.5 0 0
3.509999990463257 1 0
3.5199999809265137 0 0
3.5299999713897705 1 3
3.5399999618530273 1 0
3.549999952316284 1 2
3.559999942779541 1 1
3.569999933242798 0 0
3.5799999237060547 1 0
3.5899999141693115 0 0
3.5999999046325684 1 2
3.609999895095825 1 2
3.619999885559082 1 2
3.630000114440918 1 0
3.640000104904175 0 0
3.6500000953674316 1 1
3.6600000858306885 1 1
3.6700000762939453 0 1
3.680000066757202 1 1
3.690000057220459 1 2
3.700000047683716 0 1
3.7100000381469727 0 0
3.7200000286102295 1 1
3.7300000190734863 3 0
3.740000009536743 0 1
3.75 1 1
3.759999990463257 1 0
3.7699999809265137 2 3
3.7799999713897705 0 1
3.7899999618530273 0 0
3.799999952316284 1 2
3.809999942779541 0 0
3.819999933242798 0 0
3.8299999237060547 0 1
3.8399999141693115 1 0
3.8499999046325684 0 0
3.859999895095825 0 0
3.869999885559082 0 0
3.880000114440918 0 0
3.890000104904175 0 0
3.9000000953674316 0 1
3.9100000858306885 0 1
3.9200000762939453 0 0
3.930000066757202 0 0
3.940000057220459 0 0
3.950000047683716 0 1
3.9600000381469727 0 0
3.9700000286102295 0 0
3.9800000190734863 0 0
3.990000009536743 0 0
4.0 1 1
4.010000228881836 1 0
4.019999980926514 0 0
4.03000020980835 0 1
4.039999961853027 0 0
4.050000190734863 0 1
4.059999942779541 0 0
4.070000171661377 0 1
4.079999923706055 0 0
4.090000152587891 1 1
4.099999904632568 0 0
4.110000133514404 0 1
4.119999885559082 0 1
4.130000114440918 0 0
4.139999866485596 0 0
4.150000095367432 0 0
4.159999847412109 0 0
4.170000076293945 1 1
4.179999828338623 0 0
4.190000057220459 1 2
4.199999809265137 0 0
4.210000038146973 0 0
4.21999979019165 1 2
4.230000019073486 0 0
4.239999771118164 0 0
4.25 1 0
4.260000228881836 0 0
4.269999980926514 0 1
4.28000020980835 0 0
4.289999961853027 0 2
4.300000190734863 0 0
4.309999942779541 0 0
4.320000171661377 0 0
4.329999923706055 0 0
4.340000152587891 1 1
4.349999904632568 0 0
4.360000133514404 0 0
4.369999885559082 1 0
4.380000114440918 0 0
4.389999866485596 0 1
4.400000095367432 0 1
4.409999847412109 1 2
4.420000076293945 0 2
4.429999828338623 2 1
4.440000057220459 0 0
4.449999809265137 0 1
4.460000038146973 1 1
4.46999979019165 1 0
4.480000019073486 0 0
4.489999771118164 1 2
4.5 0 1
4.510000228881836 0 1
4.519999980926514 0 0
4.53000020980835 0 0
4.539999961853027 0 0
4.550000190734863 1 1
4.559999942779541 0 0
4.570000171661377 0 1
4.579999923706055 0 0
4.590000152587891 0 0
4.599999904632568 0 1
4.610000133514404 0 0
4.619999885559082 1 0
4.630000114440918 0 0
4.639999866485596 0 1
4.650000095367432 0 0
4.659999847412109 0 0
4.670000076293945 1 0
4.679999828338623 0 0
4.690000057220459 2 1
4.699999809265137 0 0
4.710000038146973 0 1
4.71999979019165 1 0
4.730000019073486 0 0
4.739999771118164 0 0
4.75 0 0
4.760000228881836 0 0
4.769999980926514 0 0
4.78000020980835 1 0
4.789999961853027 0 0
4.800000190734863 0 0
4.809999942779541 0 0
4.820000171661377 0 0
4.829999923706055 0 0
4.840000152587891 0 1
4.849999904632568 1 1
4.860000133514404 1 1
4.869999885559082 1 1
4.880000114440918 0 0
4.889999866485596 0 0
4.900000095367432 0 0
4.909999847412109 0 0
4.920000076293945 0 1
4.929999828338623 0 0
4.940000057220459 0 0
4.949999809265137 0 0
4.960000038146973 0 0
4.96999979019165 1 0
4.980000019073486 0 1
4.989999771118164 0 0
5.0 1 1
5.010000228881836 0 0
5.019999980926514 0 0
5.03000020980835 1 0
5.039999961853027 0 1
5.050000190734863 0 0
5.059999942779541 0 0
5.070000171661377 1 0
5.079999923706055 0 0
5.090000152587891 1 0
5.099999904632568 0 0
5.110000133514404 1 1
5.119999885559082 1 0
5.130000114440918 0 1
5.139999866485596 0 0
5.150000095367432 0 0
5.159999847412109 0 0
5.170000076293945 0 0
5.179999828338623 1 1
5.190000057220459 0 0
5.199999809265137 0 0
5.210000038146973 1 0
5.21999979019165 0 0
5.230000019073486 0 1
5.239999771118164 0 0
5.25 0 0
5.260000228881836 1 0
5.269999980926514 1 1
5.28000020980835 0 0
5.289999961853027 0 0
5.300000190734863 0 0
5.309999942779541 0 0
5.320000171661377 1 1
5.329999923706055 0 0
5.340000152587891 1 0
5.349999904632568 1 1
5.360000133514404 0 0
5.369999885559082 1 0
5.380000114440918 0 0
5.389999866485596 0 0
5.400000095367432 0 0
5.409999847412109 0 0
5.420000076293945 0 0
5.429999828338623 1 2
5.440000057220459 0 0
5.449999809265137 0 1
5.460000038146973 1 0
5.46999979019165 1 0
5.480000019073486 0 0
5.489999771118164 0 0
5.5 0 0
5.510000228881836 0 1
5.519999980926514 0 1
5.53000020980835 0 0
5.539999961853027 0 0
5.550000190734863 0 1
5.559999942779541 0 0
5.570000171661377 0 0
5.579999923706055 0 0
5.590000152587891 0 1
5.599999904632568 0 0
5.610000133514404 0 0
5.619999885559082 0 0
5.630000114440918 0 0
5.639999866485596 1 0
5.650000095367432 0 0
5.659999847412109 0 0
5.670000076293945 0 0
5.679999828338623 0 1
5.690000057220459 1 1
5.699999809265137 0 0
5.710000038146973 0 0
5.71999979019165 0 0
5.730000019073486 0 0
5.739999771118164 0 0
5.75 0 0
5.760000228881836 0 0
5.769999980926514 2 0
5.78000020980835 0 0
5.789999961853027 0 0
5.800000190734863 0 0
5.809999942779541 0 0
5.820000171661377 0 0
5.829999923706055 0 0
5.840000152587891 0 0
5.849999904632568 0 0
5.860000133514404 0 0
5.869999885559082 0 0
5.880000114440918 0 0
5.889999866485596 0 1
5.900000095367432 0 0
5.909999847412109 0 1
5.920000076293945 0 1
5.929999828338623 0 0
5.940000057220459 0 1
5.949999809265137 0 0
5.960000038146973 0 0
5.96999979019165 0 0
5.980000019073486 0 0
5.989999771118164 0 0
6.0 0 0
6.010000228881836 0 0
6.019999980926514 0 0
6.03000020980835 0 0
6.039999961853027 0 0
6.050000190734863 1 1
6.059999942779541 1 0
6.070000171661377 0 1
6.079999923706055 1 0
6.090000152587891 0 0
6.099999904632568 1 0
6.110000133514404 0 0
6.119999885559082 0 0
6.130000114440918 0 1
6.139999866485596 0 0
6.150000095367432 1 1
6.159999847412109 0 0
6.170000076293945 0 0
6.179999828338623 1 0
6.190000057220459 0 0
6.199999809265137 0 1
6.210000038146973 0 0
6.21999979019165 0 0
6.230000019073486 0 0
6.239999771118164 0 0
6.25 0 0
6.260000228881836 0 0
6.269999980926514 0 1
6.28000020980835 0 2
6.289999961853027 1 1
6.300000190734863 0 0
6.309999942779541 0 1
6.320000171661377 0 0
6.329999923706055 0 0
6.340000152587891 0 0
6.349999904632568 0 1
6.360000133514404 1 0
6.369999885559082 0 0
6.380000114440918 0 0
6.389999866485596 0 0
6.400000095367432 0 0
6.409999847412109 0 1
6.420000076293945 0 0
6.429999828338623 0 0
6.440000057220459 0 0
6.449999809265137 0 0
6.460000038146973 0 0
6.46999979019165 0 0
6.480000019073486 0 0
6.489999771118164 0 0
6.5 0 1
6.510000228881836 0 0
6.519999980926514 0 0
6.53000020980835 0 0
6.539999961853027 0 0
6.550000190734863 1 0
6.559999942779541 0 0
6.570000171661377 0 0
6.579999923706055 0 0
6.590000152587891 1 0
6.599999904632568 0 0
6.610000133514404 0 0
6.619999885559082 0 0
6.630000114440918 0 0
6.639999866485596 0 0
6.650000095367432 0 0
6.659999847412109 0 0
6.670000076293945 0 0
6.679999828338623 0 0
6.690000057220459 1 0
6.699999809265137 0 0
6.710000038146973 0 0
6.71999979019165 0 1
6.730000019073486 0 0
6.739999771118164 0 0
6.75 0 0
6.760000228881836 0 0
6.769999980926514 1 2
6.78000020980835 0 0
6.789999961853027 0 0
6.800000190734863 0 0
6.809999942779541 0 0
6.820000171661377 0 0
6.829999923706055 0 0
6.840000152587891 0 0
6.849999904632568 0 0
6.860000133514404 0 0
6.869999885559082 0 0
6.880000114440918 0 0
6.889999866485596 1 1
6.900000095367432 0 0
6.909999847412109 0 0
6.920000076293945 0 0
6.929999828338623 0 1
6.940000057220459 0 1
6.949999809265137 0 0
6.960000038146973 0 0
6.96999979019165 0 0
6.980000019073486 0 0
6.989999771118164 0 0
7.0 1 0
7.010000228881836 1 0
7.019999980926514 0 1
7.03000020980835 0 0
7.039999961853027 0 1
7.050000190734863 0 0
7.059999942779541 0 0
7.070000171661377 0 0
7.079999923706055 0 0
7.090000152587891 0 0
7.099999904632568 0 0
7.110000133514404 0 0
7.119999885559082 0 0
7.130000114440918 0 0
7.139999866485596 0 0
7.150000095367432 0 0
7.159999847412109 0 0
7.170000076293945 0 1
7.179999828338623 0 0
7.190000057220459 0 0
7.199999809265137 0 0
7.210000038146973 0 0
7.21999979019165 0 0
7.230000019073486 0 0
7.239999771118164 0 0
7.25 0 0
7.260000228881836 0 0
7.269999980926514 0 1
7.28000020980835 0 0
7.289999961853027 0 1
7.300000190734863 0 0
7.309999942779541 0 0
7.320000171661377 0 0
7.329999923706055 1 1
7.340000152587891 0 0
7.349999904632568 0 0
7.360000133514404 0 0
7.369999885559082 0 0
7.380000114440918 0 0
7.389999866485596 0 0
7.400000095367432 0 0
7.409999847412109 0 0
7.420000076293945 0 0
7.429999828338623 0 0
7.440000057220459 0 0
7.449999809265137 0 0
7.460000038146973 0 0
7.46999979019165 0 0
7.480000019073486 1 1
7.489999771118164 0 0
7.5 1 0
7.510000228881836 1 0
7.519999980926514 0 0
7.53000020980835 0 0
7.539999961853027 0 0
7.550000190734863 0 0
7.559999942779541 0 0
7.570000171661377 0 0
7.579999923706055 0 0
7.590000152587891 0 1
7.599999904632568 0 0
7.610000133514404 0 0
7.619999885559082 0 0
7.630000114440918 1 0
7.639999866485596 0 0
7.650000095367432 0 0
7.659999847412109 0 0
7.670000076293945 0 1
7.679999828338623 0 0
7.690000057220459 0 0
7.699999809265137 0 0
7.710000038146973 0 0
7.71999979019165 0 0
7.730000019073486 0 0
7.739999771118164 0 0
7.75 0 0
7.760000228881836 0 0
7.769999980926514 0 0
7.78000020980835 0 0
7.789999961853027 0 0
7.800000190734863 0 0
7.809999942779541 0 0
7.820000171661377 0 0
7.829999923706055 0 0
7.840000152587891 0 0
7.849999904632568 0 0
7.860000133514404 0 0
7.869999885559082 0 0
7.880000114440918 0 0
7.889999866485596 0 0
7.900000095367432 0 0
7.909999847412109 0 1
7.920000076293945 0 0
7.929999828338623 0 0
7.940000057220459 0 0
7.949999809265137 0 0
7.960000038146973 0 0
7.96999979019165 1 0
7.980000019073486 0 0
7.989999771118164 0 0
8.0 0 0
8.010000228881836 1 0
8.020000457763672 0 0
8.029999732971191 0 0
8.039999961853027 0 0
8.050000190734863 1 0
8.0600004196167 0 0
8.069999694824219 0 0
8.079999923706055 0 0
8.09000015258789 0 0
8.100000381469727 0 1
8.109999656677246 0 0
8.119999885559082 0 0
8.130000114440918 0 0
8.140000343322754 0 0
8.149999618530273 0 0
8.15999984741211 0 0
8.170000076293945 0 0
8.180000305175781 0 1
8.1899995803833 0 0
8.199999809265137 0 0
8.210000038146973 0 1
8.220000267028809 0 1
8.229999542236328 0 0
8.239999771118164 0 0
8.25 0 0
8.260000228881836 0 0
8.270000457763672 0 0
8.279999732971191 0 0
8.289999961853027 0 1
8.300000190734863 0 0
8.3100004196167 0 0
8.319999694824219 0 0
8.329999923706055 0 0
8.34000015258789 0 0
8.350000381469727 0 0
8.359999656677246 0 0
8.369999885559082 0 0
8.380000114440918 0 0
8.390000343322754 0 0
8.399999618530273 0 0
8.40999984741211 0 0
8.420000076293945 0 0
8.430000305175781 0 0
8.4399995803833 0 0
8.449999809265137 0 0
8.460000038146973 0 0
8.470000267028809 0 0
8.479999542236328 0 0
8.489999771118164 0 0
8.5 0 0
8.510000228881836 0 0
8.520000457763672 0 0
8.529999732971191 0 0
8.539999961853027 0 0
8.550000190734863 0 0
8.5600004196167 1 0
8.569999694824219 0 0
8.579999923706055 0 0
8.59000015258789 0 0
8.600000381469727 1 0
8.609999656677246 0 0
8.619999885559082 0 0
8.630000114440918 0 0
8.640000343322754 0 0
8.649999618530273 0 0
8.65999984741211 0 0
8.670000076293945 0 0
8.680000305175781 0 0
8.6899995803833 0 0
8.699999809265137 0 0
8.710000038146973 0 0
8.720000267028809 0 0
8.729999542236328 0 0
8.739999771118164 0 0
8.75 0 0
8.760000228881836 0 0
8.770000457763672 0 0
8.779999732971191 0 0
8.789999961853027 0 0
8.800000190734863 0 0
8.8100004196167 0 0
8.819999694824219 0 0
8.829999923706055 0 0
8.84000015258789 0 0
8.850000381469727 0 0
8.859999656677246 0 0
8.869999885559082 0 0
8.880000114440918 0 0
8.890000343322754 0 0
8.899999618530273 0 0
8.90999984741211 0 0
8.920000076293945 0 0
8.930000305175781 0 0
8.9399995803833 0 0
8.949999809265137 0 0
8.960000038146973 0 0
8.970000267028809 0 0
8.979999542236328 0 0
8.989999771118164 0 0
9.0 0 0
9.010000228881836 0 0
9.020000457763672 0 0
9.029999732971191 0 0
9.039999961853027 0 0
9.050000190734863 0 0
9.0600004196167 0 0
9.069999694824219 0 0
9.079999923706055 0 0
9.09000015258789 0 0
9.100000381469727 0 0
9.109999656677246 0 0
9.119999885559082 0 0
9.130000114440918 0 0
9.140000343322754 0 0
9.149999618530273 0 0
9.15999984741211 0 0
9.170000076293945 0 0
9.180000305175781 0 0
9.1899995803833 0 0
9.199999809265137 0 0
9.210000038146973 0 0
9.220000267028809 0 0
9.229999542236328 0 0
9.239999771118164 0 0
9.25 0 0
9.260000228881836 0 0
9.270000457763672 0 0
9.279999732971191 0 0
9.289999961853027 1 0
9.300000190734863 0 0
9.3100004196167 0 0
9.319999694824219 0 0
9.329999923706055 0 0
9.34000015258789 0 0
9.350000381469727 0 0
9.359999656677246 0 0
9.369999885559082 0 0
9.380000114440918 0 0
9.390000343322754 0 0
9.399999618530273 0 0
9.40999984741211 0 0
9.420000076293945 0 0
9.430000305175781 0 0
9.4399995803833 0 0
9.449999809265137 0 0
9.460000038146973 0 0
9.470000267028809 0 0
9.479999542236328 0 0
9.489999771118164 0 0
9.5 0 0
9.510000228881836 0 0
9.520000457763672 0 0
9.529999732971191 0 0
9.539999961853027 0 0
9.550000190734863 0 0
9.5600004196167 0 0
9.569999694824219 0 0
9.579999923706055 0 0
9.59000015258789 0 0
9.600000381469727 0 0
9.609999656677246 0 0
9.619999885559082 0 0
9.630000114440918 0 0
9.640000343322754 0 0
9.649999618530273 0 0
9.65999984741211 1 1
9.670000076293945 0 1
9.680000305175781 0 0
9.6899995803833 0 0
9.699999809265137 0 1
9.710000038146973 1 1
9.720000267028809 0 0
9.729999542236328 0 0
9.739999771118164 0 0
9.75 0 0
9.760000228881836 0 0
9.770000457763672 0 0
9.779999732971191 0 0
9.789999961853027 0 0
9.800000190734863 0 0
9.8100004196167 0 0
9.819999694824219 0 0
9.829999923706055 0 0
9.84000015258789 0 0
9.850000381469727 0 0
9.859999656677246 0 0
9.869999885559082 0 0
9.880000114440918 0 0
9.890000343322754 0 0
9.899999618530273 0 0
9.90999984741211 0 0
9.920000076293945 0 0
9.930000305175781 0 0
9.9399995803833 0 0
9.949999809265137 0 0
9.960000038146973 0 0
9.970000267028809 0 0
9.979999542236328 0 0
9.989999771118164 0 0
10.0 0 0
10.010000228881836 0 0
10.020000457763672 0 0
10.029999732971191 0 0
10.039999961853027 0 0
10.050000190734863 0 0
10.0600004196167 0 0
10.069999694824219 0 0
10.079999923706055 0 0
10.09000015258789 0 0
10.100000381469727 0 0
10.109999656677246 0 1
10.119999885559082 0 0
10.130000114440918 0 0
10.140000343322754 0 0
10.149999618530273 0 0
10.15999984741211 0 0
10.170000076293945 0 0
10.180000305175781 0 0
10.1899995803833 0 0
10.199999809265137 0 0
10.210000038146973 0 0
10.220000267028809 0 0
10.229999542236328 0 0
10.239999771118164 0 0
10.25 0 0
10.260000228881836 0 0
10.270000457763672 0 0
10.279999732971191 0 0
10.289999961853027 0 0
10.300000190734863 0 0
10.3100004196167 0 0
10.319999694824219 0 0
10.329999923706055 0 0
10.34000015258789 1 0
10.350000381469727 0 0
10.359999656677246 0 1
10.369999885559082 0 0
10.380000114440918 0 0
10.390000343322754 0 0
10.399999618530273 0 0
10.40999984741211 0 0
10.420000076293945 0 0
10.430000305175781 0 0
10.4399995803833 0 0
10.449999809265137 0 1
10.460000038146973 0 0
10.470000267028809 0 0
10.479999542236328 0 0
10.489999771118164 0 0
10.5 0 0
10.510000228881836 0 0
10.520000457763672 0 0
10.529999732971191 0 0
10.539999961853027 0 0
10.550000190734863 0 0
10.5600004196167 0 0
10.569999694824219 0 0
10.579999923706055 0 0
10.59000015258789 0 0
10.600000381469727 0 0
10.609999656677246 0 0
10.619999885559082 0 0
10.630000114440918 0 0
10.640000343322754 0 0
10.649999618530273 0 0
10.65999984741211 0 0
10.670000076293945 0 0
10.680000305175781 0 0
10.6899995803833 0 0
10.699999809265137 1 1
10.710000038146973 0 0
10.720000267028809 0 0
10.729999542236328 0 0
10.739999771118164 0 0
10.75 0 0
10.760000228881836 0 0
10.770000457763672 0 0
10.779999732971191 0 0
10.789999961853027 0 0
10.800000190734863 0 0
10.8100004196167 0 0
10.819999694824219 0 0
10.829999923706055 0 0
10.84000015258789 0 0
10.850000381469727 0 0
10.859999656677246 0 0
10.869999885559082 0 0
10.880000114440918 0 0
10.890000343322754 0 0
10.899999618530273 0 0
10.90999984741211 0 0
10.920000076293945 0 0
10.930000305175781 0 0
10.9399995803833 0 0
10.949999809265137 0 0
10.960000038146973 0 0
10.970000267028809 0 0
10.979999542236328 0 0
10.989999771118164 0 0
11.0 0 0
